codmovcli|numdoc|tipo|emision|importe|formapag|banco|moneda|tasadolar|numpag
00000005|00857554|FC|20210421|-1150.0700|||US$|0.0000|
00000005|00857554|NC|20210420|118.0800|||US$|0.0000|
00000005|00857554|NC|20210421|29.5200||||0.0000|
00000005|00857573|FC|20210421|-77.2500|||US$|0.0000|
00000005|00857573|NC|20210420|7.4800|||US$|0.0000|
00000005|00857573|NC|20210421|1.8700||||0.0000|
00000005|00857627|FC|20210429|-453.0300|||US$|0.0000|
00000005|00857627|NC|20210426|45.0800|||US$|0.0000|
00000005|00857627|NC|20210429|11.2700||||0.0000|
00000005|00851073|FC|20201223|-78.2500|||US$|0.0000|
00000005|00851073|NC|20201221|7.5700|||US$|0.0000|
00000005|00858189|FC|20210504|-459.1500|||US$|0.0000|
00000005|00858189|NC|20210503|46.5800|||US$|0.0000|
00000005|00858189|NC|20210504|3.8800||||0.0000|
00000005|00858670|FC|20210511|-599.3500|||US$|0.0000|
00000005|00858670|NC|20210510|59.9900|||US$|0.0000|
00000005|00858670|NC|20210511|15.0000||||0.0000|
00000002|21C01|FC|20210517|-0.1200|||US$|0.0000|
00000002|21C01|NC|20210517|0.0000||||0.0000|
00000002|21C01|AB|20210518|0.0800|TR||US$|0.0000|00000001
00000002|21C01|CA|20210518|0.0400|TR||US$|0.0000|234930
00000005|00855942|FC|20210518|-1448.3600|||US$|0.0000|
00000005|00855942|NC|20210517|143.9500|||US$|0.0000|
00000005|00855942|NC|20210518|37.6900||||0.0000|
00000048|00019592|FC|20210518|-0.0100|||US$|0.0000|
00000048|00019592|NC|20210518|0.0000||||0.0000|
00000048|00019594|FC|20210518|0.0000|||US$|0.0000|
00000048|00019594|NC|20210518|0.0000||||0.0000|
00000048|00019593|FC|20210518|-0.0100|||US$|0.0000|
00000048|00019593|NC|20210518|0.0000||||0.0000|
00000005|00859042|FC|20210518|-1448.3600|||US$|0.0000|
00000005|00859042|NC|20210517|143.9500|||US$|0.0000|
00000005|00859042|NC|20210518|35.9900||||0.0000|
00000005|00859424|FC|20210525|-553.4500|||US$|0.0000|
00000005|00859424|NC|20210524|55.4600|||US$|0.0000|
00000005|00859424|NC|20210525|13.8600||||0.0000|
00000005|00859445|FC|20210525|-36.4400|||US$|0.0000|
00000005|00859445|NC|20210524|3.5300|||US$|0.0000|
00000005|00859445|NC|20210525|0.8800||||0.0000|
00000005|00859803|FC|20210601|-333.0200|||US$|0.0000|
00000005|00859803|NC|20210531|33.2500|||US$|0.0000|
00000005|00859803|NC|20210601|8.3100||||0.0000|
00000005|00859803|CA|20210601|291.4500|CH||US$|0.0000|199386
00000005|860178|FC|20210611|-960.4500|||US$|0.0000|
00000005|860178|NC|20210607|94.4300|||US$|0.0000|
00000005|860178|NC|20210611|23.6100||||0.0000|
00000005|860178|CA|20210611|842.4100|CH||US$|0.0000|332074
00000005|860637|FC|20210615|-652.2000|||US$|0.0000|
00000005|860637|NC|20210614|65.0000|||US$|0.0000|
00000005|860637|NC|20210615|16.2500||||0.0000|
00000005|860637|CA|20210618|570.9500|TR||US$|0.0000|766233
00000005|861053|FC|20210623|-783.4200|||US$|0.0000|
00000005|861053|NC|20210621|77.6100|||US$|0.0000|
00000005|861053|NC|20210623|19.4000||||0.0000|
00000005|861053|CA|20210623|686.4100|TR||US$|0.0000|861876
00000005|861438|FC|20210629|-589.2700|||US$|0.0000|
00000005|861438|NC|20210628|58.7800|||US$|0.0000|
00000005|861438|NC|20210629|14.6900||||0.0000|
00000005|861438|CA|20210629|515.8000|TR||US$|0.0000|949631
00000005|861881|FC|20210706|-438.5700|||US$|0.0000|
00000005|861881|NC|20210707|43.8600|||US$|0.0000|
00000005|861881|NC|20210706|10.9600||||0.0000|
00000005|861895|FC|20210706|-23.9600|||US$|0.0000|
00000005|861895|NC|20210707|2.3200|||US$|0.0000|
00000005|861895|NC|20210706|0.5800||||0.0000|
00000005|861881|CA|20210707|383.7500|TR||US$|0.0000|453109
00000005|861895|CA|20210707|21.0600|TR||US$|0.0000|453109
00000005|862332|FC|20210713|-904.5900|||US$|0.0000|
00000005|862332|NC|20210712|91.3500|||US$|0.0000|
00000005|862332|NC|20210713|22.8400||||0.0000|
00000005|862332|CA|20210714|790.4100|TR||US$|0.0000|849275
00000005|862749|FC|20210720|-73.1300|||US$|0.0000|
00000005|862749|NC|20210719|7.0800|||US$|0.0000|
00000005|862749|NC|20210720|1.7700||||0.0000|
00000005|862749|CA|20210720|64.2800|TR||US$|0.0000|455871
00000084|00058|FC|20210720|-2724.8500|||US$|0.0000|
00000084|00058|NC|20210720|281.8800|||US$|0.0000|
00000084|00058|NC|20210720|46.9800||||0.0000|
00000005|863157|FC|20210728|-7585.4200|||US$|0.0000|
00000005|863157|NC|20210726|770.8300|||US$|0.0000|
00000005|863157|NC|20210728|192.7100||||0.0000|
00000005|863518|FC|20210803|-25.7000|||US$|0.0000|
00000005|863518|NC|20210802|2.4900|||US$|0.0000|
00000005|863518|NC|20210803|0.6200||||0.0000|
00000005|863499|FC|20210803|-2566.7200|||US$|0.0000|
00000005|863499|NC|20210802|256.8500|||US$|0.0000|
00000005|863499|NC|20210803|64.2100||||0.0000|
00000005|863499|CA|20210803|2245.6600|TR||US$|0.0000|988760
00000005|863518|CA|20210803|22.5900|TR||US$|0.0000|988760
00000100|1212|FC|20210804|-669.0100|||US$|0.0000|
00000100|1212|NC|20210804|69.2100|||US$|0.0000|
00000100|1212|NC|20210804|11.5300||||0.0000|
00000100|1212|CA|20210804|588.2700|TR||US$|0.0000|079810
00000005|863950|FC|20210813|-49.7800|||US$|0.0000|
00000005|863950|NC|20210806|4.8200|||US$|0.0000|
00000005|863950|NC|20210813|1.3000||||0.0000|
00000005|863930|FC|20210813|-1652.9700|||US$|0.0000|
00000005|863930|NC|20210809|161.5800|||US$|0.0000|
00000005|863930|NC|20210813|43.1300||||0.0000|
00000005|863930|CA|20210818|1448.2700|TR||US$|0.0000|162449
00000005|863950|CA|20210818|43.6500|TR||US$|0.0000|162449
00000005|864028|FC|20210818|-1623.2100|||US$|0.0000|
00000005|864028|NC|20210816|162.1100|||US$|0.0000|
00000005|864028|NC|20210818|40.5300||||0.0000|
00000005|864051|FC|20210819|-36.6500|||US$|0.0000|
00000005|864051|NC|20210816|3.5500|||US$|0.0000|
00000005|864051|NC|20210819|0.8900||||0.0000|
00000005|864028|CA|20210819|1420.5700|TR||US$|0.0000|460162
00000005|864051|CA|20210819|32.2100|TR||US$|0.0000|460162
00000005|00864198|FC|20210825|-1619.8300|||US$|0.0000|
00000005|00864198|NC|20210823|162.4000|||US$|0.0000|
00000005|00864198|NC|20210825|40.6000||||0.0000|
00000005|00864198|CA|20210826|1416.8200|TR||US$|0.0000|80727025
00000005|00864379|FC|20210831|-31.3600|||US$|0.0000|
00000005|00864379|NC|20210830|3.0400|||US$|0.0000|
00000005|00864379|NC|20210831|0.7600||||0.0000|
00000005|00864430|FC|20210831|-1118.1300|||US$|0.0000|
00000005|00864430|NC|20210831|112.3200|||US$|0.0000|
00000005|00864430|NC|20210831|28.0800||||0.0000|
00000005|00864379|CA|20210902|27.5600|TR||US$|0.0000|744695
00000005|00864430|CA|20210902|977.7300|TR||US$|0.0000|744695
00000100|001791|FC|20210903|-264.6000|||US$|0.0000|
00000100|001791|NC|20210826|27.3700|||US$|0.0000|
00000100|001791|NC|20210903|4.5600||||0.0000|
00000100|001791|CA|20210903|232.6600|TR||US$|0.0000|649543
00000005|00864595|FC|20210910|-1590.1900|||US$|0.0000|
00000005|00864595|NC|20210906|161.3200|||US$|0.0000|
00000005|00864595|NC|20210910|40.3300||||0.0000|
00000005|00864616|FC|20210910|-32.0200|||US$|0.0000|
00000005|00864616|NC|20210906|3.1100|||US$|0.0000|
00000005|00864616|NC|20210910|0.7800||||0.0000|
00000005|00864595|CA|20210910|1388.5400|TR||US$|0.0000|245465
00000005|00864616|CA|20210910|28.1400|TR||US$|0.0000|245465
00000005|864751|FC|20210916|-1714.7500|||US$|0.0000|
00000005|864751|NC|20210913|170.1500|||US$|0.0000|
00000005|864751|NC|20210916|42.5400||||0.0000|
00000005|864751|CA|20210916|1502.0700|TR||US$|0.0000|444046
00000005|864965|FC|20210923|-1060.5400|||US$|0.0000|
00000005|864965|NC|20210920|104.6600|||US$|0.0000|
00000005|864965|NC|20210923|26.1700||||0.0000|
00000005|864965|CA|20210923|929.7100|TR||US$|0.0000|128927
00000100|2482|FC|20210928|-264.3100|||US$|0.0000|
00000100|2482|NC|20210928|27.3400|||US$|0.0000|
00000100|2482|NC|20210928|4.5600||||0.0000|
00000005|865159|FC|20210928|-1196.6600|||US$|0.0000|
00000005|865159|NC|20210927|118.8600|||US$|0.0000|
00000005|865159|NC|20210928|29.7200||||0.0000|
00000005|865186|FC|20210928|-86.6100|||US$|0.0000|
00000005|865186|NC|20210927|8.3900|||US$|0.0000|
00000005|865186|NC|20210928|2.1000||||0.0000|
00000005|865315|FC|20211008|-1356.1500|||US$|0.0000|
00000005|865315|NC|20211004|135.2000|||US$|0.0000|
00000005|865315|NC|20211008|33.8000||||0.0000|
00000005|865315|CA|20211008|1187.1500|TR||US$|0.0000|901475
00000005|865528|FC|20211013|-367.3200|||US$|0.0000|
00000005|865528|NC|20211011|36.2000|||US$|0.0000|
00000005|865528|NC|20211013|9.0500||||0.0000|
00000005|865528|CA|20211015|322.0700|TR||US$|0.0000|680631
00000005|866070|FC|20211021|-1279.9100|||US$|0.0000|
00000005|866070|NC|20211018|127.3400|||US$|0.0000|
00000005|866070|NC|20211021|31.8400||||0.0000|
00000005|866087|FC|20211021|-72.3400|||US$|0.0000|
00000005|866087|NC|20211018|7.0100|||US$|0.0000|
00000005|866087|NC|20211021|1.7500||||0.0000|
00000005|866070|CA|20211022|1120.7300|TR||US$|0.0000|084838
00000005|866087|CA|20211022|63.5800|TR||US$|0.0000|084838
00000100|003383|FC|20211027|-272.4300|||US$|0.0000|
00000100|003383|NC|20211026|28.1800|||US$|0.0000|
00000100|003383|NC|20211027|4.7000||||0.0000|
00000005|866394|FC|20211028|-1170.4500|||US$|0.0000|
00000005|866394|NC|20211025|116.4200|||US$|0.0000|
00000005|866394|NC|20211028|29.1000||||0.0000|
00000005|866409|FC|20211028|-103.2200|||US$|0.0000|
00000005|866409|NC|20211025|10.0000|||US$|0.0000|
00000005|866409|NC|20211028|2.5000||||0.0000|
00000005|866569|FC|20211104|-2045.4500|||US$|0.0000|
00000005|866569|NC|20211101|205.6900|||US$|0.0000|
00000005|866569|NC|20211104|51.4200||||0.0000|
00000005|866802|FC|20211111|-1223.6800|||US$|0.0000|
00000005|866802|NC|20211111|29.6100||||0.0000|
00000005|866824|FC|20211111|-13.2000|||US$|0.0000|
00000005|866824|NC|20211108|1.2800|||US$|0.0000|
00000005|866824|NC|20211111|0.3200||||0.0000|
00000005|867035|FC|20211118|-1133.8900|||US$|0.0000|
00000005|866802|FC|20211117|-6.1700|||US$|0.0000|
00000005|866802|FC|20211117|-6.1700|||US$|0.0000|
00000005|866802|FC|20211117|-6.1700|||US$|0.0000|
00000005|867035|FC|20211117|-6.1700|||US$|0.0000|
00000005|867035|FC|20211117|-6.1700|||US$|0.0000|
00000005|867035|FC|20211117|-6.1700|||US$|0.0000|
00000005|866802|NC|20211118|59.6800|||US$|0.0000|
00000005|866802|FC|20211117|-6.1700|||US$|0.0000|
00000005|867245|FC|20211124|-2327.6900|||US$|0.0000|
00000005|867245|NC|20211122|233.8000|||US$|0.0000|
00000005|867245|NC|20211124|58.4500||||0.0000|
00000005|867245|CA|20211124|2035.4400|TR||US$|0.0000|309426
00000100|004323|FC|20211130|-294.1200|||US$|0.0000|
00000100|004323|NC|20211129|30.4300|||US$|0.0000|
00000100|004323|NC|20211130|5.0700||||0.0000|
00000100|004323|CA|20211130|258.6200|TR||US$|0.0000|110633
00000005|867493|FC|20211203|-2291.3500|||US$|0.0000|
00000005|867493|NC|20211129|228.8500|||US$|0.0000|
00000005|867493|NC|20211203|57.2100||||0.0000|
00000005|867516|FC|20211203|-13.2000|||US$|0.0000|
00000005|867516|NC|20211129|1.2800|||US$|0.0000|
00000005|867516|NC|20211203|0.3200||||0.0000|
00000100|004417|FC|20211203|-294.1200|||US$|0.0000|
00000100|004417|NC|20211130|30.4300|||US$|0.0000|
00000100|004417|NC|20211203|5.0700||||0.0000|
00000005|867759|FC|20211210|-1375.7200|||US$|0.0000|
00000005|867759|NC|20211206|137.6200|||US$|0.0000|
00000005|867759|NC|20211210|34.4100||||0.0000|
00000100|004417|CA|20211210|258.6200|TR||US$|0.0000|54003301
00000005|868044|FC|20211216|-12.4700|||US$|0.0000|
00000005|868044|NC|20211213|1.2100|||US$|0.0000|
00000005|868044|NC|20211216|0.3000||||0.0000|
00000005|868018|FC|20211216|-801.2700|||US$|0.0000|
00000005|868018|NC|20211213|81.0900|||US$|0.0000|
00000005|868018|NC|20211216|20.2700||||0.0000|
00000005|868018|CA|20211216|699.9100|TR||US$|0.0000|169177
00000005|868044|CA|20211216|10.9600|TR||US$|0.0000|169177
00000005|868295|FC|20211222|-331.6400|||US$|0.0000|
00000005|868295|NC|20211220|33.3100|||US$|0.0000|
00000005|868295|NC|20211222|8.3300||||0.0000|
00000005|868315|FC|20211222|-54.2100|||US$|0.0000|
00000005|868315|NC|20211220|5.2600|||US$|0.0000|
00000005|868315|NC|20211222|1.3100||||0.0000|
00000005|868295|CA|20211222|290.0000|TR||US$|0.0000|073347
00000005|868315|CA|20211222|47.6400|TR||US$|0.0000|073347
00000005|868554|FC|20211230|-251.1300|||US$|0.0000|
00000005|868554|NC|20211227|24.3000|||US$|0.0000|
00000005|868554|NC|20211230|6.0800||||0.0000|
00000005|868554|CA|20211230|220.7500|TR||US$|0.0000|350632
00000005|868850|FC|20220112|-7605.3400|||US$|0.0000|
00000005|868850|NC|20220110|779.9200|||US$|0.0000|
00000005|868850|NC|20220112|194.9800||||0.0000|
00000005|869011|FC|20220118|-4834.2800|||US$|0.0000|
00000005|869011|NC|20220117|490.4100|||US$|0.0000|
00000005|869011|NC|20220118|122.6000||||0.0000|
00000005|869045|FC|20220118|-222.8000|||US$|0.0000|
00000005|869045|NC|20220117|21.5700|||US$|0.0000|
00000005|869045|NC|20220118|5.3900||||0.0000|
00000005|869235|FC|20220127|-34.4800|||US$|0.0000|
00000005|869235|NC|20220124|3.3400|||US$|0.0000|
00000005|869235|NC|20220127|0.8300||||0.0000|
00000005|869215|FC|20220127|-1066.9600|||US$|0.0000|
00000005|869215|NC|20220124|108.8700|||US$|0.0000|
00000005|869215|NC|20220127|27.2200||||0.0000|
00000005|869668|FC|20220208|-3945.0300|||US$|0.0000|
00000005|869668|NC|20220207|402.0700|||US$|0.0000|
00000005|869668|NC|20220208|100.5200||||0.0000|
00000005|869712|FC|20220208|-54.8100|||US$|0.0000|
00000005|869712|NC|20220207|5.3100|||US$|0.0000|
00000005|869712|NC|20220208|1.3300||||0.0000|
00000005|869943|FC|20220216|-2852.4100|||US$|0.0000|
00000005|869943|NC|20220214|288.2000|||US$|0.0000|
00000005|869943|NC|20220216|72.0500||||0.0000|
00000005|869964|FC|20220216|-13.2000|||US$|0.0000|
00000005|869964|NC|20220214|1.2800|||US$|0.0000|
00000005|869964|NC|20220216|0.3200||||0.0000|
00000005|870230|FC|20220302|-1268.2000|||US$|0.0000|
00000005|870230|NC|20220221|125.2500|||US$|0.0000|
00000005|870230|NC|20220302|31.3100||||0.0000|
00000100|7338|FC|20220302|-279.4400|||US$|0.0000|
00000100|7338|NC|20220225|28.9100|||US$|0.0000|
00000100|7338|NC|20220302|4.8200||||0.0000|
00000100|7338|CA|20220302|245.7100|TR||US$|0.0000|246916
00000005|870426|FC|20220304|-1617.8100|||US$|0.0000|
00000005|870426|NC|20220225|165.9000|||US$|0.0000|
00000005|870426|NC|20220304|41.4800||||0.0000|
00000005|870446|FC|20220304|-36.2500|||US$|0.0000|
00000005|870446|NC|20220225|3.5200|||US$|0.0000|
00000005|870446|NC|20220304|0.8800||||0.0000|
00000005|870685|FC|20220310|-925.0000|||US$|0.0000|
00000005|870685|NC|20220307|94.6500|||US$|0.0000|
00000005|870685|NC|20220310|23.6600||||0.0000|
00000005|870707|FC|20220310|-65.9100|||US$|0.0000|
00000005|870707|NC|20220307|6.3900|||US$|0.0000|
00000005|870707|NC|20220310|1.6000||||0.0000|
00000005|869448|FC|20220203|-1525.4900|||US$|0.0000|
00000005|869448|NC|20220131|150.9500|||US$|0.0000|
00000005|869448|NC|20220203|37.7400||||0.0000|
00000005|870911|FC|20220318|-3879.4300|||US$|0.0000|
00000005|870911|NC|20220314|391.4500|||US$|0.0000|
00000005|870911|NC|20220318|97.8600||||0.0000|
00000005|870932|FC|20220318|-13.2000|||US$|0.0000|
00000005|870932|NC|20220314|1.2800|||US$|0.0000|
00000005|870932|NC|20220318|0.3200||||0.0000|
00000101|0225816|FC|20220318|-384.6900|||US$|0.0000|
00000101|0225816|NC|20220318|53.0600|||US$|0.0000|
00000101|0225816|NC|20220318|0.0000||||0.0000|
00000005|871174|FC|20220322|-1629.4700|||US$|0.0000|
00000005|871174|NC|20220321|162.2800|||US$|0.0000|
00000005|871174|NC|20220322|40.5700||||0.0000|
00000005|871174|CA|20220323|1426.6200|TR||US$|0.0000|886074
00000005|871430|FC|20220331|-1166.4200|||US$|0.0000|
00000005|871430|NC|20220328|115.2000|||US$|0.0000|
00000005|871430|NC|20220331|28.8000||||0.0000|
00000005|871456|FC|20220331|-51.4000|||US$|0.0000|
00000005|871456|NC|20220328|4.9800|||US$|0.0000|
00000005|871456|NC|20220331|1.2400||||0.0000|
00000005|871430|CA|20220331|1022.4200|TR||US$|0.0000|511533
00000005|871456|CA|20220331|45.1800|TR||US$|0.0000|511533
00000100|8116|FC|20220331|-278.1700|||US$|0.0000|
00000100|8116|NC|20220326|28.7800|||US$|0.0000|
00000100|8116|NC|20220331|4.8000||||0.0000|
00000100|8116|CA|20220331|244.5900|TR||US$|0.0000|867510
00000005|871688|FC|20220408|-1291.6700|||US$|0.0000|
00000005|871688|NC|20220404|128.5800|||US$|0.0000|
00000005|871688|NC|20220408|32.1400||||0.0000|
00000005|871727|FC|20220408|-41.0100|||US$|0.0000|
00000005|871727|NC|20220404|3.9700|||US$|0.0000|
00000005|871727|NC|20220408|0.9900||||0.0000|
00000005|871688|CA|20220411|1130.9500|TR||US$|0.0000|711131
00000005|871727|CA|20220411|36.0500|TR||US$|0.0000|711131
00000005|00871999|FC|20220413|-91.8700|||US$|0.0000|
00000005|00871999|NC|20220411|8.9000|||US$|0.0000|
00000005|00871999|NC|20220413|2.2200||||0.0000|
00000005|871970|FC|20220418|-2622.9900|||US$|0.0000|
00000005|871970|NC|20220411|264.0000|||US$|0.0000|
00000005|871970|NC|20220418|66.0000||||0.0000|
00000005|00871999|AB|20220418|80.7500|TR||US$|0.0000|094211
00000005|871970|AB|20220418|2292.9900|TR||US$|0.0000|094211
00000005|00872145|FC|20220420|-72.5600|||US$|0.0000|
00000005|00872145|NC|20220418|7.0200|||US$|0.0000|
00000005|00872145|NC|20220420|1.7600||||0.0000|
00000005|00872145|CA|20220420|63.7800|TR||US$|0.0000|120327
00000101|235496|FC|20220421|-1129.8500|||US$|0.0000|
00000101|235496|NC|20220413|155.8400|||US$|0.0000|
00000101|235496|NC|20220421|0.0000||||0.0000|
00000005|00872357|FC|20220426|-508.3000|||US$|0.0000|
00000005|00872357|NC|20220425|50.4300|||US$|0.0000|
00000005|00872357|NC|20220426|12.6100||||0.0000|
00000005|00872380|FC|20220426|-302.0100|||US$|0.0000|
00000005|00872380|NC|20220425|29.7400|||US$|0.0000|
00000005|00872380|NC|20220426|7.4400||||0.0000|
00000005|00872357|CA|20220427|445.2600|TR||US$|0.0000|425736
00000005|00872380|CA|20220427|264.8300|TR||US$|0.0000|425736
00000100|B009038|FC|20220502|-283.2700|||US$|0.0000|
00000100|B009038|NC|20220427|29.3000|||US$|0.0000|
00000100|B009038|NC|20220502|4.8800||||0.0000|
00000100|B009038|CA|20220502|249.0900|TR||US$|0.0000|788682
00000005|00872651|FC|20220504|-2343.5800|||US$|0.0000|
00000005|00872651|NC|20220429|240.7000|||US$|0.0000|
00000005|00872651|NC|20220504|60.1700||||0.0000|
00000005|00872651|CA|20220504|2042.7100|TR||US$|0.0000|356119
00000005|00872952|FC|20220510|-6458.2800|||US$|0.0000|
00000005|00872952|NC|20220509|652.9500|||US$|0.0000|
00000005|00872952|NC|20220510|163.2400||||0.0000|
00000005|00872952|CA|20220517|5642.0900|TR||US$|0.0000|48436189
00000005|00873287|FC|20220517|-288.7400|||US$|0.0000|
00000005|00873287|NC|20220516|27.9700|||US$|0.0000|
00000005|00873287|NC|20220517|6.9900||||0.0000|
00000005|00873262|FC|20220517|-1765.0500|||US$|0.0000|
00000005|00873262|NC|20220516|172.7200|||US$|0.0000|
00000005|00873262|NC|20220517|43.1800||||0.0000|
00000101|00244559|FC|20220517|-140.2600|||US$|0.0000|
00000101|00244559|NC|20220511|19.3500|||US$|0.0000|
00000101|00244559|NC|20220517|0.0000||||0.0000|
00000005|00873262|CA|20220520|1549.1500|TR||US$|0.0000|50602821
00000005|00873287|CA|20220520|253.7800|TR||US$|0.0000|50602821
00000005|00873555|FC|20220526|-1299.2400|||US$|0.0000|
00000005|00873555|NC|20220523|128.6200|||US$|0.0000|
00000005|00873555|NC|20220526|32.1600||||0.0000|
00000005|00873581|FC|20220526|-108.9600|||US$|0.0000|
00000005|00873581|NC|20220523|10.5700|||US$|0.0000|
00000005|00873581|NC|20220526|2.6400||||0.0000|
00000100|00009789|CA|20220526|276.9500|TR||US$|0.0000|468948
00000005|00873555|CA|20220526|1138.4600|TR||US$|0.0000|156746
00000005|00873581|CA|20220526|95.7500|TR||US$|0.0000|156746
00000100|00000013|FC|20220531|-314.9600|||US$|0.0000|
00000100|00000013|NC|20220531|32.5800|||US$|0.0000|
00000100|00000013|NC|20220531|5.4300||||0.0000|
00000005|00873851|FC|20220602|-1194.1800|||US$|0.0000|
00000005|00873851|NC|20220530|119.8100|||US$|0.0000|
00000005|00873851|NC|20220602|29.9500||||0.0000|
00000005|00873876|FC|20220602|-35.2100|||US$|0.0000|
00000005|00873876|NC|20220530|3.4100|||US$|0.0000|
00000005|00873876|NC|20220602|0.8500||||0.0000|
00000005|00873851|CA|20220603|1044.4200|TR||US$|0.0000|074903
00000005|00873876|CA|20220603|30.9500|TR||US$|0.0000|074903
00000005|00874134|FC|20220609|-2511.8700|||US$|0.0000|
00000005|00874134|NC|20220607|253.9300|||US$|0.0000|
00000005|00874134|NC|20220609|63.4800||||0.0000|
00000005|00874398|FC|20220614|-1330.4900|||US$|0.0000|
00000005|00874398|NC|20220613|132.4800|||US$|0.0000|
00000005|00874398|NC|20220614|33.1200||||0.0000|
00000005|00874682|FC|20220620|-1089.2200|||US$|0.0000|
00000005|00874682|NC|20220620|108.3400|||US$|0.0000|
00000005|00874682|NC|20220620|27.0900||||0.0000|
00000005|00874398|CA|20220620|1164.8900|TR||US$|0.0000|955962
00000005|00874682|CA|20220622|953.7900|TR||US$|0.0000|70365175
00000005|00874958|FC|20220628|-38.8100|||US$|0.0000|
00000005|00874958|NC|20220627|3.8300|||US$|0.0000|
00000005|00874958|NC|20220628|0.9600||||0.0000|
00000005|00874935|FC|20220628|-2313.8600|||US$|0.0000|
00000005|00874935|NC|20220627|235.9400|||US$|0.0000|
00000005|00874935|NC|20220628|58.9800||||0.0000|
00000005|00874935|CA|20220629|2018.9400|TR||US$|0.0000|372363
00000005|00874958|CA|20220629|34.0200|TR||US$|0.0000|372363
00000100|00001444|FC|20220701|-353.1000|||US$|0.0000|
00000100|00001444|NC|20220701|36.5300|||US$|0.0000|
00000100|00001444|NC|20220701|12.1800||||0.0000|
00000005|00875201|FC|20220706|-3709.0100|||US$|0.0000|
00000005|00875201|NC|20220704|377.4700|||US$|0.0000|
00000005|00875201|NC|20220706|94.3700||||0.0000|
00000005|00875201|CA|20220707|3237.1700|TR||US$|0.0000|260624
00000005|00875452|FC|20220711|-895.8800|||US$|0.0000|
00000005|00875452|NC|20220711|91.6300|||US$|0.0000|
00000005|00875452|NC|20220711|22.9100||||0.0000|
00000101|262943|FC|20220712|-519.2900|||US$|0.0000|
00000101|262943|NC|20220711|71.6300|||US$|0.0000|
00000101|262943|NC|20220712|0.0000||||0.0000|
00000005|00875452|CA|20220713|781.3400|TR||US$|0.0000|614543
00000005|00875817|FC|20220719|-37.0700|||US$|0.0000|
00000005|00875817|NC|20220718|3.6500|||US$|0.0000|
00000005|00875817|NC|20220719|0.9100||||0.0000|
00000005|00875787|FC|20220719|-1297.1200|||US$|0.0000|
00000005|00875787|NC|20220718|128.5800|||US$|0.0000|
00000005|00875787|NC|20220719|32.1500||||0.0000|
00000005|00875787|CA|20220721|1136.3900|TR||US$|0.0000|7114941
00000005|00875817|CA|20220721|32.5100|TR||US$|0.0000|7114941
00000005|00876206|FC|20220725|-1646.0700|||US$|0.0000|
00000005|00876206|NC|20220725|161.8100|||US$|0.0000|
00000005|00876206|NC|20220725|40.4500||||0.0000|
00000005|00876230|FC|20220725|-32.2300|||US$|0.0000|
00000005|00876230|NC|20220725|3.1800|||US$|0.0000|
00000005|00876230|NC|20220725|0.7900||||0.0000|
00000005|00876230|CA|20220726|28.2600|TR||US$|0.0000|9378698
00000005|00876206|CA|20220726|1443.8100|TR||US$|0.0000|9378698
00000005|00876461|FC|20220801|-923.6400|||US$|0.0000|
00000005|00876461|NC|20220729|93.5400|||US$|0.0000|
00000005|00876461|NC|20220801|23.3900||||0.0000|
00000005|00876490|FC|20220801|-77.3100|||US$|0.0000|
00000005|00876490|NC|20220729|7.5400|||US$|0.0000|
00000005|00876490|NC|20220801|1.8800||||0.0000|
00000005|00876461|CA|20220801|806.7100|TR||US$|0.0000|93362455
00000005|00876490|CA|20220801|67.8900|TR||US$|0.0000|93362455
00000100|00011732|FC|20220804|-369.4000|||US$|0.0000|
00000100|00011732|NC|20220804|38.2100|||US$|0.0000|
00000100|00011732|NC|20220804|6.3700||||0.0000|
00000101|00271982|FC|20220805|-997.5400|||US$|0.0000|
00000101|00271982|NC|20220802|137.5900|||US$|0.0000|
00000101|00271982|NC|20220805|0.0000||||0.0000|
00000005|00876944|FC|20220808|-2049.9700|||US$|0.0000|
00000005|00876944|NC|20220808|205.9300|||US$|0.0000|
00000005|00876944|NC|20220808|51.4800||||0.0000|
00000005|00876875|FC|20220808|-56.4000|||US$|0.0000|
00000005|00876875|NC|20220808|5.5100|||US$|0.0000|
00000005|00876875|NC|20220808|1.3800||||0.0000|
00000005|00876875|CA|20220811|49.5100|TR||US$|0.0000|99233171
00000005|00876944|CA|20220811|1792.5600|TR||US$|0.0000|99233171
00000005|00877209|FC|20220816|-1648.8800|||US$|0.0000|
00000005|00877209|NC|20220815|166.8000|||US$|0.0000|
00000005|00877209|NC|20220816|41.7000||||0.0000|
00000005|00877209|CA|20220819|1440.3800|TR||US$|0.0000|714511
00000005|00877579|FC|20220829|-948.2700|||US$|0.0000|
00000005|00877579|NC|20220822|93.3400|||US$|0.0000|
00000005|00877579|NC|20220829|23.3400||||0.0000|
00000005|00877612|FC|20220822|-36.0600|||US$|0.0000|
00000005|00877612|NC|20220829|3.5400|||US$|0.0000|
00000005|00877612|NC|20220822|0.8900||||0.0000|
00000005|00877579|CA|20220829|831.5900|TR||US$|0.0000|9153059
00000005|00877612|CA|20220829|31.6300|TR||US$|0.0000|9153059
00000005|00877924|FC|20220830|-11110.7000|||US$|0.0000|
00000005|00877924|NC|20220829|1122.8800|||US$|0.0000|
00000005|00877924|NC|20220830|280.7200||||0.0000|
00000005|00877956|FC|20220830|-420.0700|||US$|0.0000|
00000005|00877956|NC|20220829|40.7800|||US$|0.0000|
00000005|00877956|NC|20220830|10.1900||||0.0000|
00000005|00877924|CA|20220905|9707.1000|TR||US$|0.0000|159213
00000005|00877956|CA|20220905|369.1000|TR||US$|0.0000|159213
00000005|00878297|FC|20220905|-6145.5800|||US$|0.0000|
00000005|00878297|NC|20220906|622.8600|||US$|0.0000|
00000005|00878297|NC|20220905|155.7200||||0.0000|
00000100|00012296|FC|20220906|-506.5700|||US$|0.0000|
00000100|00012296|NC|20220906|52.4000|||US$|0.0000|
00000100|00012296|NC|20220906|8.7300||||0.0000|
00000100|00012296|CA|20220906|445.4400|TR||US$|0.0000|673641
00000101|00284322|FC|20220912|-740.4000|||US$|0.0000|
00000101|00284322|NC|20220907|102.1200|||US$|0.0000|
00000101|00284322|NC|20220912|0.0000||||0.0000|
00000005|00878704|FC|20220914|-2636.7000|||US$|0.0000|
00000005|00878704|NC|20220912|262.7100|||US$|0.0000|
00000005|00878704|NC|20220914|65.6800||||0.0000|
00000005|00878732|FC|20220914|-98.7200|||US$|0.0000|
00000005|00878732|NC|20220912|9.7200|||US$|0.0000|
00000005|00878732|NC|20220914|2.4300||||0.0000|
00000005|00879134|FC|20220923|-63.4300|||US$|0.0000|
00000005|00879134|NC|20220919|6.2100|||US$|0.0000|
00000005|00879134|NC|20220923|1.5500||||0.0000|
00000005|00879103|FC|20220923|-5409.9300|||US$|0.0000|
00000005|00879103|NC|20220919|538.4000|||US$|0.0000|
00000005|00879103|NC|20220923|134.6000||||0.0000|
00000100|00012731|FC|20220926|-517.4200|||US$|0.0000|
00000100|00012731|NC|20220923|53.5300|||US$|0.0000|
00000100|00012731|NC|20220926|8.9200||||0.0000|
00000005|00879103|CA|20220926|4736.9300|TR||US$|0.0000|547620
00000005|00879134|CA|20220926|55.6700|TR||US$|0.0000|547620
00000005|00879510|FC|20220926|-5031.3700|||US$|0.0000|
00000005|00879510|NC|20220926|503.8400|||US$|0.0000|
00000005|00879510|NC|20220926|125.9600||||0.0000|
00000005|00879894|FC|20221003|-5902.9500|||US$|0.0000|
00000005|00879894|NC|20220930|599.6300|||US$|0.0000|
00000005|00879894|NC|20221003|149.9100||||0.0000|
00000005|00879510|CA|20221003|4401.5700|TR||US$|0.0000|8404451
00000102|001834|FC|20221010|-1861.6300|||US$|0.0000|
00000102|001834|NC|20221010|192.5800|||US$|0.0000|
00000102|001834|NC|20221010|32.1000||||0.0000|
00000005|00879894|CA|20221010|5153.4100|TR||US$|0.0000|2776608
00000005|00009455|FC|20221011|-5088.2500|||US$|0.0000|
00000005|00009455|NC|20221011|510.5600|||US$|0.0000|
00000005|00009455|NC|20221011|127.6400||||0.0000|
00000101|00295032|FC|20221013|-607.2300|||US$|0.0000|
00000101|00295032|NC|20221007|83.7600|||US$|0.0000|
00000101|00295032|NC|20221013|0.0000||||0.0000|
00000005|00009455|CA|20221017|4450.0500|TR||US$|0.0000|6606700
00000005|00017428|FC|20221017|-2435.2600|||US$|0.0000|
00000005|00017428|NC|20221017|235.6700|||US$|0.0000|
00000005|00017428|NC|20221017|63.6300||||0.0000|
00000005|00028582|FC|20221024|-84.4500|||US$|0.0000|
00000005|00028582|NC|20221024|8.2500|||US$|0.0000|
00000005|00028582|NC|20221024|2.0600||||0.0000|
00000005|00028550|FC|20221024|-812.6100|||US$|0.0000|
00000005|00028550|NC|20221024|78.6400|||US$|0.0000|
00000005|00028550|NC|20221024|19.6600||||0.0000|
00000102|001841|FC|20221024|-583.9400|||US$|0.0000|
00000102|001841|NC|20221021|60.4100|||US$|0.0000|
00000102|001841|NC|20221024|10.0700||||0.0000|
00000100|00013666|FC|20221026|-536.5600|||US$|0.0000|
00000100|00013666|NC|20221025|55.5100|||US$|0.0000|
00000100|00013666|NC|20221026|9.2500||||0.0000|
00000005|00050851|FC|20221031|-1384.4600|||US$|0.0000|
00000005|00050851|NC|20221031|137.3700|||US$|0.0000|
00000005|00050851|NC|20221031|34.3400||||0.0000|
00000005|00050851|CA|20221104|1212.7500|TR||US$|0.0000|7313061
00000005|00068469|FC|20221114|-4659.0500|||US$|0.0000|
00000005|00068469|NC|20221107|476.5500|||US$|0.0000|
00000005|00068469|NC|20221114|119.1400||||0.0000|
00000005|00068469|CA|20221114|4063.3600|TR||US$|0.0000|2676351
00000101|00305648|FC|20221116|-738.3600|||US$|0.0000|
00000101|00305648|NC|20221110|101.8400|||US$|0.0000|
00000101|00305648|NC|20221116|0.0000||||0.0000|
00000005|00085736|CA|20221121|867.4500|TR||US$|0.0000|6564922
00000005|00101057|FC|20221123|-6596.2500|||US$|0.0000|
00000005|00101057|NC|20221121|669.3400|||US$|0.0000|
00000005|00101057|NC|20221123|167.3400||||0.0000|
00000100|00014524|CA|20221123|543.8400|TR||US$|0.0000|7899751
00000100|00014524|FC|20221123|-624.6000|||US$|0.0000|
00000100|00014524|NC|20221121|64.6100|||US$|0.0000|
00000100|00014524|NC|20221123|10.7700||||0.0000|
00000100|00014524|CA|20221123|5.3800|TR||US$|0.0000|7948068
00000005|00101057|CA|20221128|5759.5700|TR||US$|0.0000|0554855
00000005|00116465|FC|20221201|-5287.4300|||US$|0.0000|
00000005|00116465|NC|20221128|537.2700|||US$|0.0000|
00000005|00116465|NC|20221201|137.1300||||0.0000|
00000005|00116500|FC|20221201|-74.3500|||US$|0.0000|
00000005|00116500|NC|20221128|7.4100|||US$|0.0000|
00000005|00116500|NC|20221201|1.9300||||0.0000|
00000005|00116465|CA|20221202|4613.0300|TR||US$|0.0000|3123261
00000005|00116500|CA|20221202|65.0100|TR||US$|0.0000|3123261
00000005|00132230|FC|20221205|-3024.4400|||US$|0.0000|
00000005|00132230|NC|20221205|296.0600|||US$|0.0000|
00000005|00132230|NC|20221205|78.8900||||0.0000|
00000005|00085736|FC|20221121|-986.8200|||US$|0.0000|
00000005|00085736|NC|20221114|95.5000|||US$|0.0000|
00000005|00085736|NC|20221121|23.8700||||0.0000|
00000100|00015106|FC|20221206|-736.2500|||US$|0.0000|
00000100|00015106|NC|20221206|76.1600|||US$|0.0000|
00000100|00015106|NC|20221206|12.6900||||0.0000|
00000005|00148932|FC|20221212|-381.1300|||US$|0.0000|
00000005|00148932|NC|20221212|36.8800|||US$|0.0000|
00000005|00148932|NC|20221212|9.2200||||0.0000|
00000005|00148973|FC|20221212|-605.5400|||US$|0.0000|
00000005|00148973|NC|20221212|59.0400|||US$|0.0000|
00000005|00148973|NC|20221212|14.7600||||0.0000|
00000005|00132230|CA|20221212|2649.4900|TR||US$|0.0000|8888688
00000005|00148932|CA|20221212|335.0300|TR||US$|0.0000|8888688
00000005|00148973|CA|20221212|531.7400|TR||US$|0.0000|8888688
00000101|00318511|FC|20221215|-952.3300|||US$|0.0000|
00000101|00318511|NC|20221209|131.3600|||US$|0.0000|
00000101|00318511|NC|20221215|0.0000||||0.0000|
00000100|00015106|CA|20221219|647.4000|TR||US$|0.0000|5137949
00000005|00165160|FC|20221219|-19136.4100|||US$|0.0000|
00000005|00165160|NC|20221219|1947.5500|||US$|0.0000|
00000005|00165160|NC|20221219|486.8900||||0.0000|
00000005|00165160|CA|20221219|16701.9700|TR||US$|0.0000|848627
00000101|00324865|FC|20230112|-716.6700|||US$|0.0000|
00000101|00324865|NC|20230105|98.8500|||US$|0.0000|
00000101|00324865|NC|20230112|0.0000||||0.0000|
00000005|00212461|FC|20230118|-4782.5100|||US$|0.0000|
00000005|00212461|NC|20230116|474.5500|||US$|0.0000|
00000005|00212461|NC|20230118|124.4900||||0.0000|
00000005|00212488|FC|20230118|-50.6400|||US$|0.0000|
00000005|00212488|NC|20230116|5.0400|||US$|0.0000|
00000005|00212488|NC|20230118|1.3200||||0.0000|
00000005|00224747|FC|20230123|-218.7800|||US$|0.0000|
00000005|00224747|NC|20230123|21.3200|||US$|0.0000|
00000005|00224747|NC|20230123|5.3300||||0.0000|
00000005|00224708|FC|20230123|-15609.3200|||US$|0.0000|
00000005|00224708|NC|20230123|1585.3200|||US$|0.0000|
00000005|00224708|NC|20230123|396.3300||||0.0000|
00000100|00016289|FC|20230124|-1322.5700|||US$|0.0000|
00000100|00016289|NC|20230124|136.8200|||US$|0.0000|
00000100|00016289|NC|20230124|22.8000||||0.0000|
00000005|00239456|FC|20230130|-5138.5700|||US$|0.0000|
00000005|00239456|NC|20230130|515.0400|||US$|0.0000|
00000005|00239456|NC|20230130|133.5600||||0.0000|
00000005|00253417|FC|20230206|-8391.6100|||US$|0.0000|
00000005|00253417|NC|20230206|812.0900|||US$|0.0000|
00000005|00253417|NC|20230206|203.0200||||0.0000|
00000005|00253473|FC|20230206|-221.7100|||US$|0.0000|
00000005|00253473|NC|20230206|22.1300|||US$|0.0000|
00000005|00253473|NC|20230206|5.7700||||0.0000|
00000005|00239501|FC|20230208|-166.5000|||US$|0.0000|
00000005|00239501|NC|20230130|16.4300|||US$|0.0000|
00000005|00239501|NC|20230208|4.1100||||0.0000|
00000101|00335133|FC|20230208|-714.7600|||US$|0.0000|
00000101|00335133|NC|20230206|98.5900|||US$|0.0000|
00000101|00335133|NC|20230208|0.0000||||0.0000|
00000005|00269434|FC|20230213|-7652.5400|||US$|0.0000|
00000005|00269434|NC|20230213|757.4900|||US$|0.0000|
00000005|00269434|NC|20230213|189.3700||||0.0000|
00000005|00269479|FC|20230213|-384.5400|||US$|0.0000|
00000005|00269479|NC|20230213|37.7900|||US$|0.0000|
00000005|00269479|NC|20230213|9.4500||||0.0000|
00000005|00285693|FC|20230222|-83.4600|||US$|0.0000|
00000005|00285693|NC|20230222|8.2600|||US$|0.0000|
00000005|00285693|NC|20230222|2.0600||||0.0000|
00000005|00285650|FC|20230222|-247.9000|||US$|0.0000|
00000005|00285650|NC|20230222|23.9900|||US$|0.0000|
00000005|00285650|NC|20230222|6.4800||||0.0000|
00000100|00017337|FC|20230227|-1558.0000|||US$|0.0000|
00000100|00017337|NC|20230227|161.1700|||US$|0.0000|
00000100|00017337|NC|20230227|26.8600||||0.0000|
00000005|00299271|FC|20230228|-2555.7000|||US$|0.0000|
00000005|00299271|NC|20230228|253.6300|||US$|0.0000|
00000005|00299271|NC|20230228|63.4100||||0.0000|
00000005|00313261|FC|20230306|-5005.6200|||US$|0.0000|
00000005|00313261|NC|20230306|503.2000|||US$|0.0000|
00000005|00313261|NC|20230306|125.8000||||0.0000|
00000101|00346185|FC|20230309|-1461.8800|||US$|0.0000|
00000101|00346185|NC|20230302|201.6400|||US$|0.0000|
00000101|00346185|NC|20230309|0.0000||||0.0000|
00000005|00331203|FC|20230313|-4661.9300|||US$|0.0000|
00000005|00331203|NC|20230313|457.9500|||US$|0.0000|
00000005|00331203|NC|20230313|114.4900||||0.0000|
00000005|00347146|FC|20230320|-1431.3500|||US$|0.0000|
00000005|00347146|NC|20230320|138.5200|||US$|0.0000|
00000005|00347146|NC|20230320|34.6300||||0.0000|
00000005|00347271|FC|20230320|-401.7500|||US$|0.0000|
00000005|00347271|NC|20230320|40.4000|||US$|0.0000|
00000005|00347271|NC|20230320|10.1000||||0.0000|
00000005|00363333|FC|20230327|-53019.5400|||US$|0.0000|
00000005|00363333|NC|20230327|5413.6500|||US$|0.0000|
00000005|00363333|NC|20230327|1353.4100||||0.0000|
00000005|00363422|FC|20230327|-84.3700|||US$|0.0000|
00000005|00363422|NC|20230327|8.4000|||US$|0.0000|
00000005|00363422|NC|20230327|2.1000||||0.0000|
00000100|00181142|FC|20230327|-1556.7200|||US$|0.0000|
00000100|00181142|NC|20230327|161.0400|||US$|0.0000|
00000100|00181142|NC|20230327|26.8400||||0.0000|
00000005|00382764|FC|20230403|-491.3200|||US$|0.0000|
00000005|00382764|NC|20230403|48.0100|||US$|0.0000|
00000005|00382764|NC|20230403|12.0000||||0.0000|
00000005|00382713|FC|20230403|-10306.8300|||US$|0.0000|
00000005|00382713|NC|20230403|1030.5600|||US$|0.0000|
00000005|00382713|NC|20230403|257.6400||||0.0000|
00000005|00391448|FC|20230411|-7570.6600|||US$|0.0000|
00000005|00391448|NC|20230410|762.0600|||US$|0.0000|
00000005|00391448|NC|20230411|196.6400||||0.0000|
00000101|00356888|FC|20230411|-3146.1400|||US$|0.0000|
00000101|00356888|NC|20230410|433.9500|||US$|0.0000|
00000101|00356888|NC|20230411|0.0000||||0.0000|
00000005|00407866|FC|20230417|-25166.3700|||US$|0.0000|
00000005|00407866|NC|20230417|2535.2300|||US$|0.0000|
00000005|00407866|NC|20230417|633.8100||||0.0000|
00000005|00424157|FC|20230424|-14523.0700|||US$|0.0000|
00000005|00424157|NC|20230424|1461.2600|||US$|0.0000|
00000005|00424157|NC|20230424|365.3200||||0.0000|
00000100|00018946|FC|20230424|-1572.6700|||US$|0.0000|
00000100|00018946|NC|20230424|162.6900|||US$|0.0000|
00000100|00018946|NC|20230424|27.1200||||0.0000|
00000005|00443363|FC|20230502|-14124.4300|||US$|0.0000|
00000005|00443363|NC|20230502|1410.9900|||US$|0.0000|
00000005|00443363|NC|20230502|352.7500||||0.0000|
00000005|00461461|FC|20230509|-11394.5100|||US$|0.0000|
00000005|00461461|NC|20230508|1126.7300|||US$|0.0000|
00000005|00461461|NC|20230509|281.6800||||0.0000|
00000005|00461673|FC|20230509|-1350.1000|||US$|0.0000|
00000005|00461673|NC|20230508|131.0400|||US$|0.0000|
00000005|00461673|NC|20230509|32.7600||||0.0000|
00000101|00368033|FC|20230510|-753.7300|||US$|0.0000|
00000101|00368033|NC|20230510|103.9600|||US$|0.0000|
00000101|00368033|NC|20230510|0.0000||||0.0000|
00000005|00482630|FC|20230515|-5633.6900|||US$|0.0000|
00000005|00482630|NC|20230515|545.2000|||US$|0.0000|
00000005|00482630|NC|20230515|136.3000||||0.0000|
00000005|00482688|FC|20230515|-453.5700|||US$|0.0000|
00000005|00482688|NC|20230515|44.5200|||US$|0.0000|
00000005|00482688|NC|20230515|11.1300||||0.0000|
00000100|0019630|FC|20230519|-1652.6100|||US$|0.0000|
00000100|0019630|NC|20230519|170.9600|||US$|0.0000|
00000100|0019630|NC|20230519|28.4900||||0.0000|
00000100|0019630|CA|20230519|1453.1600|TR||US$|0.0000|827402
00000005|00501699|FC|20230522|-19924.8900|||US$|0.0000|
00000005|00501699|NC|20230522|2021.6000|||US$|0.0000|
00000005|00501699|NC|20230522|505.4000||||0.0000|
00000005|00501753|FC|20230522|-250.2500|||US$|0.0000|
00000005|00501753|NC|20230522|24.5600|||US$|0.0000|
00000005|00501753|NC|20230522|6.1400||||0.0000|
00000005|00501699|CA|20230525|17397.8900|TR||US$|0.0000|145199
00000005|00501753|CA|20230525|219.5500|TR||US$|0.0000|145199
00000005|00520285|FC|20230530|-11953.3600|||US$|0.0000|
00000005|00520285|NC|20230529|1197.8500|||US$|0.0000|
00000005|00520285|NC|20230530|299.4600||||0.0000|
00000005|00520340|FC|20230530|-650.3600|||US$|0.0000|
00000005|00520340|NC|20230529|63.3700|||US$|0.0000|
00000005|00520340|NC|20230530|15.8400||||0.0000|
00000005|00539500|FC|20230605|-296.2400|||US$|0.0000|
00000005|00539500|NC|20230605|29.4800|||US$|0.0000|
00000005|00539500|NC|20230605|7.3700||||0.0000|
00000005|00539436|FC|20230605|-14177.9400|||US$|0.0000|
00000005|00539436|NC|20230605|1424.0000|||US$|0.0000|
00000005|00539436|NC|20230605|356.0000||||0.0000|
00000005|00558194|FC|20230612|-24980.4100|||US$|0.0000|
00000005|00558194|NC|20230612|2514.2300|||US$|0.0000|
00000005|00558194|NC|20230612|628.5600||||0.0000|
00000005|00558263|FC|20230612|-250.9700|||US$|0.0000|
00000005|00558263|NC|20230612|24.6400|||US$|0.0000|
00000005|00558263|NC|20230612|6.1600||||0.0000|
00000005|00558194|CA|20230614|21837.6200|TR||US$|0.0000|7027344
00000005|00558263|CA|20230614|220.1700|TR||US$|0.0000|7027344
00000100|0020493|FC|20230615|-1729.3200|||US$|0.0000|
00000100|0020493|NC|20230615|178.8900|||US$|0.0000|
00000100|0020493|NC|20230615|29.8200||||0.0000|
00000100|0020493|CA|20230615|1520.6100|TR||US$|0.0000|5654744
00000005|00580134|FC|20230619|-38270.6600|||US$|0.0000|
00000005|00580134|NC|20230619|3913.0100|||US$|0.0000|
00000005|00580134|NC|20230619|978.2500||||0.0000|
00000005|00580134|CA|20230623|33379.4000|TR||US$|0.0000|3279671
00000005|00599206|FC|20230627|-23132.7100|||US$|0.0000|
00000005|00599206|NC|20230626|2328.2200|||US$|0.0000|
00000005|00599206|NC|20230627|582.0600||||0.0000|
00000005|00599206|CA|20230627|20222.4300|TR||US$|0.0000|5258858
00000101|00378490|FC|20230612|-1675.1800|||US$|0.0000|
00000101|00378490|NC|20230609|231.0600|||US$|0.0000|
00000101|00378490|NC|20230612|0.0000||||0.0000|
00000005|00618793|FC|20230706|-15735.5300|||US$|0.0000|
00000005|00618793|NC|20230703|1577.1900|||US$|0.0000|
00000005|00618793|NC|20230706|394.3000||||0.0000|
00000005|00618869|FC|20230706|-2447.2200|||US$|0.0000|
00000005|00618869|NC|20230703|242.0600|||US$|0.0000|
00000005|00618869|NC|20230706|60.5100||||0.0000|
00000005|00618793|CA|20230706|13764.0400|TR||US$|0.0000|267256
00000005|00618869|CA|20230706|2144.6500|TR||US$|0.0000|267256
00000005|00636607|FC|20230711|-8345.1100|||US$|0.0000|
00000005|00636607|NC|20230710|832.0400|||US$|0.0000|
00000005|00636607|NC|20230711|208.0100||||0.0000|
00000005|00636664|FC|20230711|-493.1900|||US$|0.0000|
00000005|00636664|NC|20230710|48.4800|||US$|0.0000|
00000005|00636664|NC|20230711|12.1200||||0.0000|
00000101|00388729|FC|20230711|-1579.4300|||US$|0.0000|
00000101|00388729|NC|20230711|217.8500|||US$|0.0000|
00000101|00388729|NC|20230711|0.0000||||0.0000|
00000005|00636607|CA|20230712|7305.0600|TR||US$|0.0000|649469
00000005|00636664|CA|20230712|432.5900|TR||US$|0.0000|649469
00000005|00659829|FC|20230717|-18043.1800|||US$|0.0000|
00000005|00659829|NC|20230717|1830.1500|||US$|0.0000|
00000005|00659829|NC|20230717|457.5400||||0.0000|
00000005|00659829|CA|20230719|15755.4900|TR||US$|0.0000|012543
00000100|0021470|FC|20230718|-1829.1100|||US$|0.0000|
00000100|0021470|NC|20230718|189.2200|||US$|0.0000|
00000100|0021470|NC|20230718|31.5400||||0.0000|
00000005|00681798|FC|20230725|-9264.2100|||US$|0.0000|
00000005|00681798|NC|20230725|910.0700|||US$|0.0000|
00000005|00681798|NC|20230725|227.5200||||0.0000|
00000005|00681863|FC|20230725|-831.2200|||US$|0.0000|
00000005|00681863|NC|20230725|81.5900|||US$|0.0000|
00000005|00681863|NC|20230725|20.4000||||0.0000|
00000005|00681798|CA|20230726|8126.6200|TR||US$|0.0000|872561
00000005|00681863|CA|20230726|729.2300|TR||US$|0.0000|872561
00000005|00699938|FC|20230731|-19024.9100|||US$|0.0000|
00000005|00699938|NC|20230731|1951.4000|||US$|0.0000|
00000005|00699938|NC|20230731|487.8500||||0.0000|
00000005|00699938|CA|20230804|16585.6600|TR||US$|0.0000|9061518
00000005|00721039|FC|20230807|-39596.8600|||US$|0.0000|
00000005|00721039|NC|20230807|4034.0500|||US$|0.0000|
00000005|00721039|NC|20230807|1008.5100||||0.0000|
00000005|00721105|FC|20230807|-416.6300|||US$|0.0000|
00000005|00721105|NC|20230807|40.7700|||US$|0.0000|
00000005|00721105|NC|20230807|10.1900||||0.0000|
00000005|00721105|CA|20230808|365.6700|TR||US$|0.0000|740817
00000005|00721039|CA|20230808|34554.3000|TR||US$|0.0000|742088
00000101|00398701|FC|20230808|-2608.1200|||US$|0.0000|
00000101|00398701|NC|20230808|359.7400|||US$|0.0000|
00000101|00398701|NC|20230808|0.0000||||0.0000|
00000005|00744097|FC|20230814|-2236.6900|||US$|0.0000|
00000005|00744097|NC|20230814|230.7500|||US$|0.0000|
00000005|00744097|NC|20230814|57.6900||||0.0000|
00000005|00744036|FC|20230814|-27202.7700|||US$|0.0000|
00000005|00744036|NC|20230814|2786.4300|||US$|0.0000|
00000005|00744036|NC|20230814|696.6100||||0.0000|
00000100|00022303|FC|20230815|-2011.3000|||US$|0.0000|
00000100|00022303|NC|20230815|208.0700|||US$|0.0000|
00000100|00022303|NC|20230815|34.6800||||0.0000|
00000100|00022303|CA|20230817|1768.5500|TR||US$|0.0000|976543
00000005|00744036|CA|20230817|23719.7300|TR||US$|0.0000|370014
00000005|00744097|CA|20230817|1948.2500|TR||US$|0.0000|370014
00000005|00764462|FC|20230821|-19904.8700|||US$|0.0000|
00000005|00764462|NC|20230821|2031.9400|||US$|0.0000|
00000005|00764462|NC|20230821|507.9800||||0.0000|
00000005|00764515|FC|20230821|-1594.6000|||US$|0.0000|
00000005|00764515|NC|20230821|155.0500|||US$|0.0000|
00000005|00764515|NC|20230821|38.7600||||0.0000|
00000005|00764462|CA|20230825|17364.9500|TR||US$|0.0000|137804
00000005|00764515|CA|20230825|1400.7900|TR||US$|0.0000|137804
00000005|00785843|FC|20230828|-13685.3300|||US$|0.0000|
00000005|00785843|NC|20230828|1366.1600|||US$|0.0000|
00000005|00785843|NC|20230828|341.5400||||0.0000|
00000005|00785905|FC|20230828|-1556.4100|||US$|0.0000|
00000005|00785905|NC|20230828|152.1600|||US$|0.0000|
00000005|00785905|NC|20230828|38.0400||||0.0000|
00000005|00785843|CA|20230904|11977.6300|TR||US$|0.0000|430610
00000005|00785905|CA|20230904|1366.2100|TR||US$|0.0000|430610
00000101|00408023|CA|20230906|2995.0300|TR||US$|0.0000|755867
00000005|00806182|CA|20230907|14600.7000|TR||US$|0.0000|476636
00000005|00828113|CA|20230913|7327.5000|TR||US$|0.0000|2082247
00000101|00408023|FC|20230906|-3474.2300|||US$|0.0000|
00000101|00408023|NC|20230906|479.2000|||US$|0.0000|
00000101|00408023|NC|20230906|0.0000||||0.0000|
00000005|00806182|FC|20230904|-16681.9700|||US$|0.0000|
00000005|00806182|NC|20230904|1665.0200|||US$|0.0000|
00000005|00806182|NC|20230904|416.2500||||0.0000|
00000005|00828113|FC|20230911|-8335.8700|||US$|0.0000|
00000005|00828113|NC|20230911|806.7000|||US$|0.0000|
00000005|00828113|NC|20230911|201.6700||||0.0000|
00000005|00848904|FC|20230918|-461.9000|||US$|0.0000|
00000005|00848904|NC|20230918|45.9500|||US$|0.0000|
00000005|00848904|NC|20230918|11.4900||||0.0000|
00000100|00023251|FC|20230919|-2148.0300|||US$|0.0000|
00000100|00023251|NC|20230919|222.2100|||US$|0.0000|
00000100|00023251|NC|20230919|37.0400||||0.0000|
00000105|00021844|FC|20230919|-354.0000|||US$|0.0000|
00000105|00021844|NC|20230919|36.6200|||US$|0.0000|
00000105|00021844|NC|20230919|0.0000||||0.0000|
00000106|00003593|FC|20230919|-2855.7100|||US$|0.0000|
00000106|00003593|NC|20230919|295.4200|||US$|0.0000|
00000106|00003593|NC|20230919|0.0000||||0.0000|
00000106|00003593|CA|20230919|2560.2900|TR||US$|0.0000|569080
00000100|00023251|CA|20230919|1888.7800|TR||US$|0.0000|492322
00000005|00848835|CA|20230922|19549.9900|TR||US$|0.0000|451940
00000005|00848904|CA|20230922|404.4600|TR||US$|0.0000|451940
00000005|00870048|FC|20230925|-33508.1300|||US$|0.0000|
00000005|00870048|NC|20230925|3354.1300|||US$|0.0000|
00000005|00870048|NC|20230925|838.5300||||0.0000|
00000005|00870115|FC|20230925|-408.7900|||US$|0.0000|
00000005|00870115|NC|20230925|40.0000|||US$|0.0000|
00000005|00870115|NC|20230925|10.0000||||0.0000|
00000005|00870048|CA|20230928|29315.4700|TR||US$|0.0000|627876
00000005|00870115|CA|20230928|358.7900|TR||US$|0.0000|627876
00000005|00892345|FC|20231002|-6443.9700|||US$|0.0000|
00000005|00892345|NC|20231002|623.6100|||US$|0.0000|
00000005|00892345|NC|20231002|155.9000||||0.0000|
00000005|00892413|FC|20231002|-1354.7400|||US$|0.0000|
00000005|00892413|NC|20231002|133.3200|||US$|0.0000|
00000005|00892413|NC|20231002|33.3300||||0.0000|
00000105|00110947|FC|20231002|-1731.2700|||US$|0.0000|
00000105|00110947|NC|20231002|158.2300|||US$|0.0000|
00000105|00110947|NC|20231002|0.0000||||0.0000|
00000005|00848835|FC|20230918|-22381.6400|||US$|0.0000|
00000005|00848835|NC|20230918|2265.3200|||US$|0.0000|
00000005|00848835|NC|20230918|580.8400||||0.0000|
00000107|7522|FC|20231005|-6577.2000|||US$|0.0000|
00000107|7522|NC|20231005|680.4000|||US$|0.0000|
00000107|7522|NC|20231005|113.4000||||0.0000|
00000107|7522|CA|20231006|5783.4000|TR||US$|0.0000|933657
00000005|00914416|FC|20231009|-26041.9500|||US$|0.0000|
00000005|00914416|NC|20231009|2630.2500|||US$|0.0000|
00000005|00914416|NC|20231009|676.0500||||0.0000|
00000005|00914505|FC|20231009|-4069.1900|||US$|0.0000|
00000005|00914505|NC|20231009|406.5600|||US$|0.0000|
00000005|00914505|NC|20231009|105.8100||||0.0000|
00000005|00892345|CA|20231009|5664.4600|TR||US$|0.0000|7056734
00000005|00892413|CA|20231009|1188.0900|TR||US$|0.0000|7056734
00000005|00914416|CA|20231016|22735.6500|TR||US$|0.0000|264434
00000005|00914505|CA|20231016|3556.8200|TR||US$|0.0000|264434
00000005|00933570|CA|20231019|11436.1900|TR||US$|0.0000|793875
00000005|00933648|CA|20231019|263.8400|TR||US$|0.0000|793875
00000005|00933570|FC|20231016|-13081.4500|||US$|0.0000|
00000005|00933570|NC|20231016|1305.0200|||US$|0.0000|
00000005|00933570|NC|20231016|326.2600||||0.0000|
00000005|00933648|FC|20231016|-301.2700|||US$|0.0000|
00000005|00933648|NC|20231016|29.5800|||US$|0.0000|
00000005|00933648|NC|20231016|7.3900||||0.0000|
00000005|00933570|CA|20231019|13.9800|TR||US$|0.0000|3072103
00000005|00933648|CA|20231019|0.4600|TR||US$|0.0000|3072103
00000100|00024185|FC|20231020|-2223.9600|||US$|0.0000|
00000100|00024185|NC|20231020|230.0700|||US$|0.0000|
00000100|00024185|NC|20231020|38.3400||||0.0000|
00000100|00024185|CA|20231020|1955.5500|TR||US$|0.0000|705232
00000105|00026601|FC|20231023|-3190.4700|||US$|0.0000|
00000105|00026601|NC|20231023|249.0100|||US$|0.0000|
00000105|00026601|NC|20231023|0.0000||||0.0000|
00000105|00026601|CA|20231023|2941.4600|TR||US$|0.0000|1000007
00000005|00956597|FC|20231025|-12726.3400|||US$|0.0000|
00000005|00956597|NC|20231023|1268.2200|||US$|0.0000|
00000005|00956597|NC|20231025|317.0600||||0.0000|
00000005|00956597|CA|20231030|11141.0600|TR||US$|0.0000|708393
00000005|00983807|FC|20231030|-48104.4800|||US$|0.0000|
00000005|00983807|NC|20231030|4870.1300|||US$|0.0000|
00000005|00983807|NC|20231030|1217.5300||||0.0000|
00000005|00983869|FC|20231030|-412.7400|||US$|0.0000|
00000005|00983869|NC|20231030|40.4100|||US$|0.0000|
00000005|00983869|NC|20231030|10.1000||||0.0000|
00000005|01007527|FC|20231106|-6298.4400|||US$|0.0000|
00000005|01007527|NC|20231106|643.8600|||US$|0.0000|
00000005|01007527|NC|20231106|160.9700||||0.0000|
00000005|01007446|FC|20231106|-16244.0100|||US$|0.0000|
00000005|01007446|NC|20231106|1609.5400|||US$|0.0000|
00000005|01007446|NC|20231106|402.3800||||0.0000|
00000005|00983807|CA|20231106|42016.8200|TR||US$|0.0000|615094
00000005|00983869|CA|20231106|362.2300|TR||US$|0.0000|615094
00000005|01019327|FC|20231109|-901.9000|||US$|0.0000|
00000005|01019327|NC|20231108|93.3000|||US$|0.0000|
00000005|01019327|NC|20231109|0.0000||||0.0000|
00000005|01019327|CA|20231109|808.6000|TR||US$|0.0000|199319
00000101|00251653|FC|20220608|-1069.3900|||US$|0.0000|
00000101|00251653|NC|20220607|147.5000|||US$|0.0000|
00000101|00420363|FC|20231109|-4356.9300|||US$|0.0000|
00000101|00420363|NC|20231011|600.9600|||US$|0.0000|
00000101|00420363|NC|20231109|0.0000||||0.0000|
00000101|00429246|FC|20231109|-3974.5200|||US$|0.0000|
00000101|00429246|NC|20231108|548.2100|||US$|0.0000|
00000101|00429246|NC|20231109|0.0000||||0.0000|
00000005|01007446|CA|20231113|14232.0900|TR||US$|0.0000|436684
00000005|01007527|CA|20231113|5493.6100|TR||US$|0.0000|436684
00000005|01033154|FC|20231114|-39354.7300|||US$|0.0000|
00000005|01033154|NC|20231113|3987.3900|||US$|0.0000|
00000005|01033154|NC|20231114|996.8500||||0.0000|
00000108|00000461|FC|20231114|-397029.7900|||US$|0.0000|
00000108|00000461|NC|20231026|41072.0500|||US$|0.0000|
00000108|00000461|NC|20231114|0.0000||||0.0000|
00000108|00000462|FC|20231114|-718325.4100|||US$|0.0000|
00000108|00000462|NC|20231026|74309.5200|||US$|0.0000|
00000108|00000462|NC|20231114|0.0000||||0.0000|
00000100|00025063|FC|20231117|-2260.4200|||US$|0.0000|
00000100|00025063|NC|20231117|233.8400|||US$|0.0000|
00000100|00025063|NC|20231117|38.9700||||0.0000|
00000100|00025063|CA|20231117|1987.6100|TR||US$|0.0000|7174561
00000005|01033154|CA|20231120|34370.4900|TR||US$|0.0000|1396885
00000005|01057735|FC|20231120|-17436.4900|||US$|0.0000|
00000005|01057735|NC|20231120|1746.6600|||US$|0.0000|
00000005|01057735|NC|20231120|436.6700||||0.0000|
00000005|01057815|FC|20231120|-431.9200|||US$|0.0000|
00000005|01057815|NC|20231120|42.2600|||US$|0.0000|
00000005|01057815|NC|20231120|11.2700||||0.0000|
00000005|01083262|FC|20231127|-39435.0100|||US$|0.0000|
00000005|01083262|NC|20231127|4032.9200|||US$|0.0000|
00000005|01083262|NC|20231127|1008.2300||||0.0000|
00000005|01083329|FC|20231127|-460.3200|||US$|0.0000|
00000005|01083329|NC|20231127|45.5300|||US$|0.0000|
00000005|01083329|NC|20231127|11.3800||||0.0000|
00000005|01057735|CA|20231127|15253.1600|TR||US$|0.0000|136282
00000005|01057815|CA|20231127|378.3900|TR||US$|0.0000|136282
00000005|01098260|FC|20231130|-26569.8100|||US$|0.0000|
00000005|01098260|NC|20231130|2682.9800|||US$|0.0000|
00000005|01098260|NC|20231130|670.7400||||0.0000|
00000005|01110365|FC|20231204|-357.5900|||US$|0.0000|
00000005|01110365|NC|20231204|35.0700|||US$|0.0000|
00000005|01110365|NC|20231204|8.7700||||0.0000|
00000005|01110285|FC|20231204|-9077.8200|||US$|0.0000|
00000005|01110285|NC|20231204|896.0200|||US$|0.0000|
00000005|01110285|NC|20231204|224.0100||||0.0000|
00000005|01083262|CA|20231204|34393.8600|TR||US$|0.0000|554605
00000005|01083329|CA|20231204|403.4100|TR||US$|0.0000|554605
00000005|01098260|CA|20231204|23216.0900|TR||US$|0.0000|554605
00000005|01110285|CA|20231204|7957.7900|TR||US$|0.0000|554605
00000005|01110365|CA|20231204|313.7500|TR||US$|0.0000|554605
00000100|00025819|FC|20231211|-4542.7900|||US$|0.0000|
00000100|00025819|NC|20231211|469.9400|||US$|0.0000|
00000100|00025819|NC|20231211|78.3200||||0.0000|
00000005|01137614|FC|20231211|-34399.9700|||US$|0.0000|
00000005|01137614|NC|20231211|3462.6800|||US$|0.0000|
00000005|01137614|NC|20231211|865.6700||||0.0000|
00000005|01137684|FC|20231211|-839.9600|||US$|0.0000|
00000005|01137684|NC|20231211|82.2500|||US$|0.0000|
00000005|01137684|NC|20231211|20.5600||||0.0000|
00000100|00025819|CA|20231211|3994.5300|TR||US$|0.0000|854190
00000005|01137614|CA|20231212|30071.6200|TR||US$|0.0000|5611724
00000005|01137684|CA|20231212|737.1500|TR||US$|0.0000|5611724
00000005|01168378|FC|20231219|-33634.5400|||US$|0.0000|
00000005|01168378|NC|20231218|3424.1800|||US$|0.0000|
00000005|01168378|NC|20231219|856.0400||||0.0000|
00000005|01168465|FC|20231219|-1196.3400|||US$|0.0000|
00000005|01168465|NC|20231218|116.7100|||US$|0.0000|
00000005|01168465|NC|20231219|29.1800||||0.0000|
00000005|01168378|CA|20231219|29354.3200|TR||US$|0.0000|769869
00000005|01168465|CA|20231219|1050.4500|TR||US$|0.0000|769869
