numreq|numtra|emision|provee|nomprv|estatus|almacen|tot_req|moneda|cambio|gastos|factor|fecha_rece
00000001||20170323|00000001||PE||713.8900|US$|65.0000|0.0000|0.0000|
00000002||20170323|00000002||PE||1062.0600|US$|10800.0000|0.0000|0.0000|
00000004||20170330|00000016||PE||44.7500|US$|10800.0000|0.0000|0.0000|
00000006||20170504|00000025||PE||1.2000|US$|10800.0000|0.0000|0.0000|
00000007||20170519|00000011||PE||3.4700|US$|10800.0000|0.0000|0.0000|
00000008||20170522|00000002||PE||1209.8000|US$|10800.0000|0.0000|0.0000|
00000009||20170707|00000002||PE||1218.5900|US$|10800.0000|0.0000|0.0000|
00000015||20171027|00000002||PE||622.9500|US$|10800.0000|0.0000|0.0000|
00000016||20171124|00000052||PE||30.0000|US$|10800.0000|0.0000|0.0000|
00000017||20180310|00000002||PE||70109820.0000|US$|10800.0000|0.0000|0.0000|
00000018||20180410|00000002||PE||28770552.0000|US$|10800.0000|0.0000|0.0000|
00000019||20180430|00000002||PE||61318404.0000|US$|10800.0000|0.0000|0.0000|
00000020||20180430|00000063||PE||92575440.0000|US$|10800.0000|0.0000|0.0000|
00000021||20180524|00000046||PE||3437.2800|US$|10800.0000|0.0000|0.0000|
00000022||20180530|00000002||PE||59401620.0000|US$|10800.0000|0.0000|0.0000|
00000023||20180615|00000002||PE||65344536.0000|US$|10800.0000|0.0000|0.0000|
00000024||20180618|00000063||PE||44625600.0000|US$|10800.0000|0.0000|0.0000|
00000025||20180820|00000002||PE||22400712.0000|US$|10800.0000|0.0000|0.0000|
00000026||20180920|00000002||PE||165884112.0000|US$|10800.0000|0.0000|0.0000|
00000027||20180927|00000063||PE||81178200.0000|US$|10800.0000|0.0000|0.0000|
00000028||20181115|00000011||PE||16000740.0000|US$|10800.0000|0.0000|0.0000|
00000029||20181210|00000002||PE||26482140.0000|US$|10800.0000|0.0000|0.0000|
00000030||20181212|00000063||PE||301950504.0000|US$|10800.0000|0.0000|0.0000|
00000031||20190205|00000002||PE||142342488.0000|US$|10800.0000|0.0000|0.0000|
00000032||20190321|00000063||PE||348701220.0000|US$|10800.0000|0.0000|0.0000|
00000033||20190426|00000048||PE||4646160.0000|US$|10800.0000|0.0000|0.0000|
00000034||20190502|00000048||PE||18583560.0000|US$|10800.0000|0.0000|0.0000|
00000036||20190716|00000082||PE||2268000.0000|US$|10800.0000|0.0000|0.0000|
00000037||20190716|00000083||PE||11250900.0000|US$|10800.0000|0.0000|0.0000|
00000038||20190718|00000002||PE||207360540.0000|US$|10800.0000|0.0000|0.0000|
00000039||20190719|00000001||PE||48727656.0000|US$|10800.0000|0.0000|0.0000|
00000040||20190730|00000002||PE||389958360.0000|US$|12200.0000|0.0000|0.0000|
00000042||20190830|00000001||PE||2257000.0000|US$|12200.0000|0.0000|0.0000|
00000043||20190830|00000010||PE||17568000.0000|US$|12200.0000|0.0000|0.0000|
00000044||20190907|00000063||PE||421702028.0000|US$|12200.0000|0.0000|0.0000|
00000049||20191108|00000090||PE||3651.4000|US$|22000.0000|0.0000|0.0000|
00000051||20191108|00000018||PE||431.1100|US$|22000.0000|0.0000|0.0000|
00000052||20191108|00000091||PE||186.1800|US$|22000.0000|0.0000|0.0000|
00000053||20191108|00000048||PE||326.7000|US$|22000.0000|0.0000|0.0000|
00000054||20191108|00000048||PE||1246.4500|US$|22000.0000|0.0000|0.0000|
00000055||20191108|00000018||PE||174.4000|US$|22000.0000|0.0000|0.0000|
00000056||20191112|00000018||PE||1621.9200|US$|22000.0000|0.0000|0.0000|
00000057||20191112|00000018||PE||92.4000|US$|22000.0000|0.0000|0.0000|
00000058||20191115|00000010||PE||869.0000|US$|22000.0000|0.0000|0.0000|
00000059||20191120|00000091||PE||458.7000|US$|22000.0000|0.0000|0.0000|
00000060||20191120|00000050||PE||455.9000|US$|22000.0000|0.0000|0.0000|
00000061||20191120|00000018||PE||85.0000|US$|22000.0000|0.0000|0.0000|
00000062||20191120|00000091||PE||1273.3700|US$|22000.0000|0.0000|0.0000|
00000063||20191121|00000050||PE||813.0000|US$|22000.0000|0.0000|0.0000|
00000064||20191121|00000001||PE||80.0000|US$|22000.0000|0.0000|0.0000|
00000065||20191121|00000090||PE||2048.0000|US$|22000.0000|0.0000|0.0000|
00000066||20191127|00000018||PE||444.8400|US$|22000.0000|0.0000|0.0000|
00000067||20191129|00000063||PE||42603.7700|US$|22000.0000|0.0000|0.0000|
00000068||20191213|00000002||PE||32783.3600|US$|22000.0000|0.0000|0.0000|
00000069||20200123|00000090||PE||1778.0000|US$|22000.0000|0.0000|0.0000|
00000070||20200203|00000050||PE||382.2600|US$|22000.0000|0.0000|0.0000|
00000071||20200203|00000048||PE||2999.6000|US$|22000.0000|0.0000|0.0000|
00000072||20200203|00000090||PE||2120.0000|US$|22000.0000|0.0000|0.0000|
00000073||20200204|00000050||PE||303.3500|US$|22000.0000|0.0000|0.0000|
00000074||20200221|00000090||PE||15324.0000|US$|22000.0000|0.0000|0.0000|
00000075||20200311|00000096||PE||56224.1200|US$|22000.0000|0.0000|0.0000|
00000077||20200316|00000098||PE||7971.0000|US$|22000.0000|0.0000|0.0000|
00000082||20200508|00000002||PE||47142.2600|US$|185000.0000|18.0000|2.0000|
00000083||20200508|00000096||PE||43926.7600|US$|185000.0000|18.0000|2.0000|
00000084||20200509|00000002||PE||1680.5000|US$|185000.0000|18.0000|2.0000|
00000085||20200615|00000049||PE||320.0000|US$|210000.0000|0.0000|1.4300|
001598||20200615|00000090||PE||447.4400|US$|210000.0000|0.0000|1.6700|
00000088||20200820|00000063||PE||70865.2500|US$|230000.0000|16.0000|2.3700|
00000089||20200820|00000063||PE||2160.0000|US$|330000.0000|16.0000|2.3700|
00008951||20200819|00000048||PE||2247.0500|US$|330000.0000|3.0000|1.4300|
00008952||20200819|00000048||PE||3234.0000|US$|330000.0000|3.0000|1.4300|
006503||20200828|00000090||PE||2760.4000|US$|350000.0000|0.0000|1.4300|
00002300||20200918|00000099||PE||1600.0000|US$|380000.0000|0.0000|1.4700|
00009674||20200924|00000048||PE||3778.2000|US$|345000.0000|3.0000|1.4300|
00002870||20201123|00000099||PE||1280.0000|US$|110000.0000|0.0000|1.5700|
00015725||20201214|00000048||PE||3488.1000|US$|150000.0000|0.0000|1.4300|
00015726||20201214|00000048||PE||1047.6000|US$|150000.0000|0.0000|1.4300|
00000103||20210122|00000002||PE||74062.4800|US$|160000.0000|15.0000|2.0200|
200928||20210208|00000063||PE||85861.2400|US$|180000.0000|16.0000|2.3900|
00018359||20210309|00000048||PE||6704.8400|US$|2000000.0000|2.0000|1.6600|
007954||20210416|00000090||PE||4300.9000|US$|280000.0000|0.0000|1.8300|
008004||20210423|00000090||PE||731.1200|US$|280000.0000|0.0000|1.8300|
007995||20210422|00000090||PE||588.4000|US$|0.0000|0.0000|1.8300|
00019594||20210420|00000048||PE||490.2000|US$|0.0000|2.0000|2.1300|
00019593||20210420|00000048||PE||5158.5000|US$|0.0000|2.0000|2.1300|
00019592||20210420|00000048||PE||8044.3600|US$|0.0000|2.0000|2.1300|
008042||20210428|00000090||PE||378.4000|US$|0.0000|0.0000|1.5700|
008579||20210630|00000090||PE||6741.3000|US$|3600000.0000|0.0000|1.8300|
00021788||20210629|00000048||PE||2536.0000|US$|4100000.0000|2.0000|1.6200|
00021789||20210629|00000048||PE||922.1000|US$|4100000.0000|2.0000|1.6200|
009009||20210813|00000090||PE||1923.0000|US$|0.0000|0.0000|1.6200|
009750||20211029|00000090||PE||1231.7000|US$|0.0000|0.0000|1.6300|
009751||20211029|00000090||PE||5283.2500|US$|0.0000|0.0000|1.6300|
009752||20211029|00000090||PE||495.9000|US$|0.0000|0.0000|1.6300|
009753||20211029|00000090||PE||2595.0000|US$|0.0000|0.0000|1.6300|
009759||20211029|00000090||PE||591.6700|US$|0.0000|0.0000|1.6300|
00020603||20211111|00000048||PE||3461.4000|US$|0.0000|3.0000|1.7400|
009869||20211122|00000090||PE||274.0000|US$|0.0000|0.0000|1.6300|
009883||20211122|00000090||PE||113.7000|US$|0.0000|0.0000|1.6300|
21C02-2||20211014|00000002||PE||134362.1500|US$|0.0000|27.0000|2.0600|
21C01||20210707|00000002||PE||119713.8600|US$|350000.0000|25.0000|2.0200|
21L02||20210707|00000002||PE||19976.3700|US$|3500000.0000|25.0000|2.0200|
21001SN||20210707|00000096||PE||31501.1400|US$|3500000.0000|25.0000|2.0200|
20211015||20220101|00000063||PE||121711.9000|US$|0.0000|32.0000|2.3500|
00024380||20220323|00000048||PE||2618.1600|US$|0.0000|0.0000|1.8300|
00024379||20220323|00000048||PE||2823.4300|US$|0.0000|0.0000|1.8300|
220001SN||20220208|00000096||PE||101226.2000|US$|0.0000|33.0000|2.0100|
00011664||20220511|00000090||PE||1844.4000|US$|0.0000|0.0000|1.8300|
00011822||20220520|00000090||PE||652.5000|US$|0.0000|0.0000|1.8300|
4494||20220712|00000048||PE||6341.0400|US$|0.0000|0.0000|1.8300|
22002SN||20220626|00000096||PE||51087.6700|US$|0.0000|34.0000|1.8500|
22002SN2||20220901|00000096||PE||35193.2500|US$|0.0000|34.0000|1.8500|
00012610||20220901|00000099||PE||720.0000|US$|0.0000|0.0000|2.0000|
2202SN3||20220912|00000096||PE||19025.1700|US$|0.0000|33.0000|1.9000|
02220721||20220920|00000063||PE||89928.4000|US$|0.0000|33.0000|2.2500|
00004184||20220921|00000018||PE||7072.0000|US$|0.0000|0.0000|1.5800|
00004301||20221010|00000018||PE||1969.5000|US$|0.0000|0.0000|1.5400|
00004525||20221114|00000018||PE||6300.0000|US$|0.0000|0.0000|1.4300|
22C001||20221204|00000096||PE||22574.4500|US$|0.0000|30.0000|1.9000|
22C002||20221204|00000096||PE||8919.0400|US$|0.0000|30.0000|1.9000|
22C003||20221204|00000096||PE||77017.0200|US$|0.0000|30.0000|1.9000|
22C004||20221204|00000096||PE||18439.5100|US$|0.0000|30.0000|1.9000|
22C005||20221204|00000096||PE||23419.8100|US$|0.0000|30.0000|1.9000|
22C006||20221204|00000096||PE||3208.9400|US$|0.0000|30.0000|1.9000|
S05941||20230101|00000048||PE|01|1733.8000|US$|0.0000|0.0000|1.4300|
00004581||20230101|00000018||PE|01|318.5000|US$|0.0000|0.0000|1.4300|
221227||20230310|00000063||PE|01|162056.0500|US$|0.0000|20.0000|2.5000|
02211124||20230410|00000063||PE|01|3950.0000|US$|0.0000|26.0000|2.3800|
S08383||20230328|00000048||PE|01|2346.9400|US$|0.0000|0.0000|2.0000|
23001SN||20230412|00000096||PE|01|122475.1100|US$|0.0000|14.0000|1.7800|
4599||20230414|00000082||PE|01|4322.0000|US$|0.0000|0.0000|1.5000|
SS230417||20230417|00000063||PE|01|16855.5000|US$|0.0000|17.0000|2.5600|
S09568||20230516|00000048||PE|01|1767.5000|US$|0.0000|0.0000|1.6600|
00005309||20230607|00000018||PE|01|2379.0000|US$|0.0000|0.0000|1.4300|
D0005395||20230629|00000082||PE|01|10665.9000|US$|0.0000|0.0000|1.6600|
00000758||20230703|00000104||PE|01|1141.1700|US$|0.0000|0.0000|1.7000|
SS111202|SS230613|20230607|00000063||PE|01|90483.5500|US$|0.0000|21.5000|2.4000|
00000225|SS002613|20230803|00000063||PE|01|1634.5000|US$|0.0000|15.0000|2.5000|
00000228|SS260613|20230803|00000063||PE|01|415.0000|US$|0.0000|15.0000|2.7000|
00000230|SS11302|20230809|00000048||PE|01|3025.5000|US$|0.0000|0.0000|1.8300|
00000232|00000363|20230821|00000018||PE|01|31332.0000|US$|0.0000|0.0000|1.6000|
00000260|23C001|20231016|00000096||PE|01|12519.8500|US$|0.0000|15.0000|2.1800|
00000261|23C002|20231016|00000096||PE|01|6243.3000|US$|0.0000|15.0000|2.1800|
00000262|22C007|20231016|00000096||PE|01|86110.7900|US$|0.0000|15.0000|2.1800|
00000263|22C009|20231016|00000096||PE|01|18795.2300|US$|0.0000|15.0000|2.1800|
00000264|23C001-1|20231016|00000096||PE|01|18487.5400|US$|0.0000|15.0000|2.1800|
00000265|23C002-2|20231016|00000096||PE|01|14493.6200|US$|0.0000|15.0000|2.1800|
390||20230214|00000104||PE|01|260.4000|US$|0.0000|0.0000|2.0000|
00000278|00001116|20231120|00000104||PE|01|269.6000|US$|0.0000|0.0000|1.6600|
00000279|D0006877|20231120|00000082||PE|01|5402.5000|US$|0.0000|0.0000|0.0000|
00000280|DHM23003|20231124|00000096||PE|01|4916.1000|US$|0.0000|18.0000|2.1200|
00000281|11230829|20231215|00000063||PE|01|102931.4000|US$|0.0000|13.0000|3.0000|
